([31], 1924),
        ([11], 133),
        ([45, 37], 1319),
        ([86, 0], 2005),
        ([1, 91], 1025),
        ([40], 1372),
        ([76], 7),
        ([102, 50], 755),
        ([46, 84], 2050),
        ([56, 2], 1332),
        ([88, 26], 124),
        ([6], 1213),
        ([27], 1559),
        ([2, 56], 1940),
        ([35], 2225),
        ([44, 25], 645),
        ([15, 23], 2302),
        ([34], 489),
        ([77, 42], 857),
        ([94], 1303),
        ([42, 96], 1608),
        ([25, 64], 1485),
        ([61, 54], 20),
        ([64, 25], 2293),
        ([28, 29], 826),
        ([13, 72], 1573),
        ([67], 252),
        ([57], 1420),
        ([100, 52], 2257),
        ([100, 52], 1880),
        ([99, 29], 1743),
        ([70, 7], 1420),
        ([68, 63], 475),
        ([26, 88], 1460),
        ([48, 3], 1798),
        ([66], 2131),
        ([19], 2018),
        ([82], 1366),
        ([47, 4], 225),
        ([16], 2032),
        ([10, 33], 1582),
        ([91, 1], 1321),
        ([80, 49], 1249),
        ([12, 75], 1951),
        ([13, 72], 1269),
        ([82], 1117),
        ([34], 1582),
        ([91, 1], 1810),
        ([86, 0], 146),
        ([24, 30], 1202),
        ([35], 1854),
        ([16], 1728),
        ([39, 59], 961),
        ([4, 41], 1066),
        ([12, 87], 465),
        ([93, 60], 817),
        ([37, 45], 1465),
        ([5, 85], 1582),
        ([63, 68], 2106),
        ([16], 1577),
        ([22, 92], 1858),
        ([12, 87], 1839),
        ([47, 41], 1618),
        ([97, 101], 429),
        ([72, 13], 409),
        ([59, 51], 1768),
        ([36, 71], 1447),
        ([32, 90], 709),
        ([97, 101], 1789),
        ([50, 102], 1273),
        ([102, 14], 2212),
        ([19], 124),
        ([56, 2], 1177),
        ([54, 43], 1078),
        ([0, 86], 1567),
        ([27], 1825),
        ([79, 55], 322),
        ([49, 80], 1153),
        ([67], 1063),
        ([60, 93], 1187),
        ([30, 24], 358),
        ([95, 18], 560),
        ([], 1663),
        ([84, 46], 1217),
        ([34], 1049),
        ([40], 1141),
        ([31], 1826),
        ([27], 150),
        ([67], 124),
        ([95, 20], 601),
        ([68, 63], 282),
        ([11], 1448),
        ([43, 61], 2053),
        ([73, 92], 1573),
        ([62, 38], 2104),
        ([42, 77], 466),
        ([80, 49], 598),
        ([89, 98], 1402),
        ([95, 20], 1787),
        ([65, 100], 591),
        ([39, 59], 336),
        ([98, 81], 1998),
        ([35], 1087),
        ([82], 990),
